0.019608
0.020358
0.021137
0.021947
0.022787
0.023658
0.024562
0.025501
0.026477
0.027489
0.028536
0.029627
0.030757
0.031930
0.033148
0.034414
0.035724
0.037088
0.038502
0.039972
0.041490
0.043071
0.044718
0.046421
0.048188
0.050033
0.051943
0.053918
0.055970
0.058117
0.060326
0.062631
0.065013
0.067493
0.070071
0.072721
0.075493
0.078363
0.081359
0.084452
0.087673
0.091025
0.094465
0.098078
0.101772
0.105643
0.109700
0.113885
0.118193
0.122689
0.127377
0.132176
0.137257
0.142438
0.147916
0.153597
0.159349
0.165549
0.171807
0.178397
0.185170
0.192292
0.199585
0.207237
0.215268
0.223446
0.232001
0.240946
0.250294
0.260059
0.269886
0.280485
0.291525
0.303009
0.314444
0.327310
0.340114
0.353334
0.367624
0.382386
0.397590
0.414054
0.431010
0.449413
0.468359
0.487780
0.508881
0.531890
0.555531
0.581371
0.607879
0.636920
0.668874
0.701733
0.740722
0.781233
0.826432
0.877182
0.930226
1.000000
